29502759
29201414
29299491
29036219
29281009
29759896
29342069
29223716
29500155
29678842
29192787
29502712
29502207
29500523
29752862
29784596
29501633
29501584
29725844
29615416
29500140
29500131
29352879
29500210
29500243
29501136
29057332
29111667
29732158
29500445
29673186
29214460
29668641
29501946
29080818
29653528
29500268
29500244
29723373
29500656
29276302
29500404
29500241
29502488
29129819
29502593
29545410
29500373
29582677
29500134
29500148
29500130
29425585
29502370
29150626
29054890
29500150
29502036
29502472
29500142
29019098
29017159
29156334
29725972
29501529
29068362
29559816
29500227
29502210
29500299
29501868
29501944
29500247
29551839
29500939
29501542
29658875
29344612
29082519
29500525
29500246
29501665
29451238
29532518
29246315
29501086
29483929
29486027
29501784
29033677
29300578
29045036
29500138
29015925
29158208
29552563
29500149
29036680
29501493
29571400
29538335
29246196
29500153
29501993
29041165
29765684
29502101
29286541
29102609
29002406
29266806
29501615
29500295
29487312
29500788
29500231
29500211
29060840
29343018
29677429
29783953
29500242
29745243
29501709
29287699
29775971
29310111
29698250
29502588
29501635
29501867
29130068
29501458
29182265
29777053
29516385
29501525
29500376
29167878
29158190
29502624
29675681
29332475
29422926
29502094
29500413
29500250
29135882
29494932
29500132
29500369
29500141
29501621
29501932
29500579
29501468
29502095
29502607
29500452
29384539
29501483
29751893
29500273
29276599
29501511
29500173
29297403
29716183
29279661
29404897
29501586
29373942
29225774
29637309
29051752
29233539
29501785
29561277
29500240
29296223
29709784
29501063
29500290
29501541
29501161
29058988
29501866
29500216
29388272
29148597
29501769
29500956
29500005
29197711
29012264
29500561
29502548
29270548
29381330
29501832
29620050
29500266
29502597
29501558
29500718
29502647
29502031
29208091
29654022
29500395
29083873
29500122
29500112
29691347
29316617
29502123
29336039
29500139
29500787
29527993
29501833
29151487
29202516
29353184
29502198
29768125
29500393
29502467
29553024
29726166
29501502
29213469
29502190
29453325
29500255
29745302
29502093
29322665
29556152
29216607
29501890
29501647
29595903
29126982
29500655
29502524
29020126
29767128
29070531
29501072
29501648
29172897
29007709
29180895
29016719
29500113
29500453
29502178
29548729
29304389
29000271
29624909
29266156
29334404
29501642
29169381
29563878
29500133
29500446
29083568
29500641
29502705
29500377
29501516
29501418
29500262
29184172
29594920
29155638
29576317
29502020
29456374
29501025
29500894
29501710
29501216
29501598
29502476
29058794
29490365
29034704
29452886
29500202
29502175
29667417
29501624
29500277
29000814
29532761
29144112
29346838
29490625
29500650
29100179
29099074
29663064
29500154
29501585
29521884
29501880
29500204
29500540
29767075
29156357
29238051
29766581
29500221
29502758
29500292
29500333
29501791
29500822
29207225
29676280
29500319
29638732
29500226
29500459
29459310
29502375
29621609
29303651
29500159
29633271
29102709
29415108
29300716
29502239
29517541
29452893
29748254
29171184
29500125
29302790
29500677
29500577
29603533
29501021
29500802
29564005
29500167
29484973
29500469
29173209
29500283
29654487
29750490
29443958
29502638
29500786
29734866
29500234
29083101
29501968
29021056
29767669
29500280
29507625
29784594
29632038
29154376
29500260
29140674
29229789
29699883
29661232
29711022
29500877
29502535
29500129
29266033
29501026
29178402
29500213
29118848
29144263
29246241
29501761
29091002
29332061
29501823
29500604
29500282
29071447
29500493
29090590
29501748
29597902
29500384
29794223
29144764
29339501
29416671
29178013
29193825
29500351
29704699
29502387
29219856
29189689
29500249
29208192
29282100
29780592
29627496
29501074
29501049
29206245
29501199
29501100
29067998
29782403
29165215
29079201
29502288
29492346
29500555
29501847
29479854
29308313
29502480
29148263
29502044
29501976
29502605
29502625
29500363
29598785
29502752
29501471
29768862
29163197
29732000
29322484
29070598
29583763
29501142
29500615
29502639
29501878
29500219
29500220
29500917
29785384
29502179
29500212
29762397
29502078
29754218
29452299
29461035
29477567
29249219
29695900
29501623
29541929
29581937
29260036
29502366
29501191
29502030
29183669
29500214
29120255
29598903
29502570
29122072
29500596
29543177
29560257
29502514
29518776
29500439
29153570
29501010
29502596
29392273
29006908
29663341
29740825
29502731
29236571
29502311
29211959
29477779
29500316
29632429
29500532
29501933
29116694
29711367
29156609
29130149
29502310
29501073
29483855
29500191
29752453
29133846
29502102
29311144
29599911
29144800
29502618
29435091
29502531
29502221
29025675
29024781
29105014
29501982
29496138
29184311
29797019
29613636
29502580
29502238
29602678
29198981
29453489
29502713
29170596
29438411
29281763
29502356
29500464
29216460
29501702
29669485
29502132
29369104
29720252
29500294
29502038
29502377
29502663
29500533
29351387
29662116
29790342
29107206
29287292
29502085
29501048
29500468
29502614
29500251
29583472
29658848
29256682
29502609
29424976
29121185
29388214
29287002
29741847
29743072
29455373
29502443
29550175
29500188
29500500
29338617
29502119
29501570
29296715
29496061
29096794
29688974
29065788
29500940
29500390
29275499
29500343
29032804
29724793
29715576
29501490
29501594
29502536
29502583
29511037
29518778
29695048
29500315
29500312
29230734
29500307
29500428
29502669
29500651
29502586
29296048
29502619
29235124
29731831
29501165
29610455
29502103
29453757
29501218
29068147
29500326
29359593
29500771
29500147
29500444
29746065
29502212
29298362
29501846
29189613
29500575
29052164
29451731
29502276
29502050
29495528
29501099
29502037
29147215
29666956
29502211
29019531
29502735
29501754
29492278
29728331
29691023
29502487
29358645
29502386
29631676
29501166
29500605
29401434
29412269
29502208
29500524
29500313
29500325
29502477
29792196
29502225
29068117
29501841
29612545
29501210
29145160
29502376
29495186
29205599
29439461
29187679
29502434
29502702
29500310
29496839
29502415
29274874
29500225
29068365
29502729
29500895
29500293
29502686
29502741
29500164
29376268
29500914
29502673
29502689
29093608
29766134
29500499
29500115
29593784
29178798
29502753
29400490
29214332
29626147
29269583
29671435
29502166
29794760
29500823
29502687
29118682
29500937
29187205
29042758
29275815
29502569
29502623
29501814
29502481
29090615
29502122
29502715
29502611
29431185
29611171
29545465
29500595
29502224
29594858
29795922
29500862
29655655
29218285
29500492
29517464
29502559
29191719
29500284
29502720
29456699
29502229
29632475
29482066
29435937
29502677
29203878
29502557
29344195
29500539
29500631
29500592
29500178
29502401
29325089
29394624
29501190
29128245
29500531
29440813
29500554
29129976
29730456
29500938
29502453
29501006
29502250
29364650
29095984
29785369
29219826
29500368
29502107
29062406
29507387
29036712
29060993
29502189
29461063
29500218
29799018
29382198
29573909
29270651
29656852
29489320
29502704
29563345
29500177
29500168
29502722
29407706
29502245
29444519
29501164
29512381
29750805
29722614
29225240
29500193
29500238
29500324
29458227
29502665
29047271
29426898
29500981
29502258
29502452
29776027
29501840
29504579
29776216